M = [ [ 2.31e+00  1.16e+00  0.00e+00  1.16e+00  5.79e-01  0.00e+00  0.00e+00  0.00e+00  0.00e+00  0.00e+00  0.00e+00  0.00e+00   ];
[ 1.16e+00  4.63e+00  1.16e+00  5.79e-01  2.31e+00  5.79e-01  0.00e+00  0.00e+00  0.00e+00  0.00e+00  0.00e+00  0.00e+00   ];
[ 0.00e+00  1.16e+00  2.31e+00  0.00e+00  5.79e-01  1.16e+00  0.00e+00  0.00e+00  0.00e+00  0.00e+00  0.00e+00  0.00e+00   ];
[ 1.16e+00  5.79e-01  0.00e+00  4.63e+00  2.31e+00  0.00e+00  1.16e+00  5.79e-01  0.00e+00  0.00e+00  0.00e+00  0.00e+00   ];
[ 5.79e-01  2.31e+00  5.79e-01  2.31e+00  9.26e+00  2.31e+00  5.79e-01  2.31e+00  5.79e-01  0.00e+00  0.00e+00  0.00e+00   ];
[ 0.00e+00  5.79e-01  1.16e+00  0.00e+00  2.31e+00  4.63e+00  0.00e+00  5.79e-01  1.16e+00  0.00e+00  0.00e+00  0.00e+00   ];
[ 0.00e+00  0.00e+00  0.00e+00  1.16e+00  5.79e-01  0.00e+00  4.63e+00  2.31e+00  0.00e+00  1.16e+00  5.79e-01  0.00e+00   ];
[ 0.00e+00  0.00e+00  0.00e+00  5.79e-01  2.31e+00  5.79e-01  2.31e+00  9.26e+00  2.31e+00  5.79e-01  2.31e+00  5.79e-01   ];
[ 0.00e+00  0.00e+00  0.00e+00  0.00e+00  5.79e-01  1.16e+00  0.00e+00  2.31e+00  4.63e+00  0.00e+00  5.79e-01  1.16e+00   ];
[ 0.00e+00  0.00e+00  0.00e+00  0.00e+00  0.00e+00  0.00e+00  1.16e+00  5.79e-01  0.00e+00  2.31e+00  1.16e+00  0.00e+00   ];
[ 0.00e+00  0.00e+00  0.00e+00  0.00e+00  0.00e+00  0.00e+00  5.79e-01  2.31e+00  5.79e-01  1.16e+00  4.63e+00  1.16e+00   ];
[ 0.00e+00  0.00e+00  0.00e+00  0.00e+00  0.00e+00  0.00e+00  0.00e+00  5.79e-01  1.16e+00  0.00e+00  1.16e+00  2.31e+00   ];
];

K = [ [ 1.21e+00  -1.06e+00  0.00e+00  4.56e-01  -6.06e-01  0.00e+00  0.00e+00  0.00e+00  0.00e+00  0.00e+00  0.00e+00  0.00e+00   ];
[ -1.06e+00  2.42e+00  -1.06e+00  -6.06e-01  9.11e-01  -6.06e-01  0.00e+00  0.00e+00  0.00e+00  0.00e+00  0.00e+00  0.00e+00   ];
[ 0.00e+00  -1.06e+00  1.21e+00  0.00e+00  -6.06e-01  4.56e-01  0.00e+00  0.00e+00  0.00e+00  0.00e+00  0.00e+00  0.00e+00   ];
[ 4.56e-01  -6.06e-01  0.00e+00  2.42e+00  -2.12e+00  0.00e+00  4.56e-01  -6.06e-01  0.00e+00  0.00e+00  0.00e+00  0.00e+00   ];
[ -6.06e-01  9.11e-01  -6.06e-01  -2.12e+00  4.84e+00  -2.12e+00  -6.06e-01  9.11e-01  -6.06e-01  0.00e+00  0.00e+00  0.00e+00   ];
[ 0.00e+00  -6.06e-01  4.56e-01  0.00e+00  -2.12e+00  2.42e+00  0.00e+00  -6.06e-01  4.56e-01  0.00e+00  0.00e+00  0.00e+00   ];
[ 0.00e+00  0.00e+00  0.00e+00  4.56e-01  -6.06e-01  0.00e+00  2.42e+00  -2.12e+00  0.00e+00  4.56e-01  -6.06e-01  0.00e+00   ];
[ 0.00e+00  0.00e+00  0.00e+00  -6.06e-01  9.11e-01  -6.06e-01  -2.12e+00  4.84e+00  -2.12e+00  -6.06e-01  9.11e-01  -6.06e-01   ];
[ 0.00e+00  0.00e+00  0.00e+00  0.00e+00  -6.06e-01  4.56e-01  0.00e+00  -2.12e+00  2.42e+00  0.00e+00  -6.06e-01  4.56e-01   ];
[ 0.00e+00  0.00e+00  0.00e+00  0.00e+00  0.00e+00  0.00e+00  4.56e-01  -6.06e-01  0.00e+00  1.21e+00  -1.06e+00  0.00e+00   ];
[ 0.00e+00  0.00e+00  0.00e+00  0.00e+00  0.00e+00  0.00e+00  -6.06e-01  9.11e-01  -6.06e-01  -1.06e+00  2.42e+00  -1.06e+00   ];
[ 0.00e+00  0.00e+00  0.00e+00  0.00e+00  0.00e+00  0.00e+00  0.00e+00  -6.06e-01  4.56e-01  0.00e+00  -1.06e+00  1.21e+00   ];
];